0
2
3
6
4
366
363
362
279
285
8
9
1
277
12
7
5
367
18
16
378
13
24
287
10
11
14
309
32
33
36
15
26
37
48
19
17
379
22
20
382
25
28
23
21
383
107
106
-1
29
110
27
30
49
52
31
111
53
122
311
34
35
38
317
40
41
44
39
50
45
56
319
42
43
46
47
58
51
54
57
60
55
123
61
126
59
62
63
127
64
66
67
70
68
430
427
426
343
349
72
73
65
341
76
71
69
431
82
80
442
77
88
351
74
75
78
373
96
97
100
79
90
101
112
83
81
443
86
84
446
89
92
87
85
447
93
91
94
113
116
95
117
375
98
99
102
381
104
105
108
103
114
109
120
115
118
121
124
119
125
284
286
278
308
310
316
348
350
342
347
369
372
345
364
376
370
359
358
365
361
368
371
374
346
377
357
380
429
428
425
440
441
444
